50
  0.0 0.12940952 1.2126222 0.0
  0.020231655907908874 0.10021826 1.2202693 0.0
  0.039860061631078914 0.071816201 1.2273712 0.0
  0.058925539201458044 0.044153279 1.2339605 0.0
  0.07746830222951795 0.017178785 1.2400678 0.0
  0.09552893319679023 -0.0091592046 1.2457222 0.0
  0.11314879725568538 -0.034914505 1.2509509 0.0
  0.13037073136742283 -0.060143717 1.2557797 0.0
  0.1472398309269204 -0.084907397 1.2602329 0.0
  0.16380455207051337 -0.10927164 1.2643335 0.0
  0.1801182353403129 -0.1333103 1.2681034 0.0
  0.19624122752859052 -0.15710814 1.2715634 0.0
  0.2122440555988676 -0.18076555 1.2747332 0.0
  0.22821230873600684 -0.20440575 1.2776319 0.0
  0.24425450866833565 -0.2281865 1.2802783 0.0
  0.26051545307902757 -0.25232 1.2826911 0.0
  0.2772006675962889 -0.27710932 1.2848897 0.0
  0.2946255565159206 -0.30302163 1.2868962 0.0
  0.31332734536825946 -0.33085515 1.2887385 0.0
  0.3343743283820909 -0.3622002 1.2904615 0.0
  0.3661148783219873 -0.40950369 1.2923763 0.0
  0.4782242146626524 -0.57663556 1.2976581 0.0
  0.4958817790100917 -0.60178172 1.3054878 0.0
  0.5136499018463716 -0.62638946 1.3153268 0.0
  0.5316253680623739 -0.65048091 1.3270927 0.0
  0.5498796310534859 -0.67409228 1.3406503 0.0
  0.5684514738551629 -0.69727288 1.3558155 0.0
  0.5873442720570282 -0.72008378 1.3723605 0.0
  0.6065272268309148 -0.74259611 1.3900197 0.0
  0.6259401957267061 -0.76488917 1.4084973 0.0
  0.6455004989878268 -0.78704822 1.427475 0.0
  0.6651114886419436 -0.8091622 1.4466209 0.0
  0.6846717969952834 -0.83132126 1.4655986 0.0
  0.7040847658910749 -0.85361432 1.4840762 0.0
  0.7232677206649614 -0.87612665 1.5017354 0.0
  0.7421605188668267 -0.89893755 1.5182804 0.0
  0.7607323616685036 -0.92211815 1.5334456 0.0
  0.7789866246596157 -0.94572952 1.5470032 0.0
  0.7969620908756179 -0.96982097 1.5587691 0.0
  0.8147302137118979 -0.99442871 1.5686081 0.0
  0.8323877972634234 -1.0195749 1.5764378 0.0
  0.8510113302435988 -1.0464061 1.5836272 0.0
  0.8696349279841817 -1.0732374 1.5908166 0.0
  0.8882585257247646 -1.1000687 1.598006 0.0
  0.9068821234653476 -1.1269 1.6051954 0.0
  0.925505656445523 -1.1537312 1.6123848 0.0
  0.9441292715386588 -1.1805625 1.6195743 0.0
  0.9627528692792418 -1.2073938 1.6267637 0.0
  0.9813764670198246 -1.2342251 1.6339531 0.0
  1.0 -1.2610563 1.6411425 0.0
