50
   0.0 -1.4184389 1.0537827 0.0
   0.018623532873578902 -1.3916077 1.0465933 0.0
   0.03724714786011784 -1.3647764 1.0394038 0.0
   0.05587074549410398 -1.3379451 1.0322144 0.0
   0.07449434312809008 -1.3111138 1.025025 0.0
   0.09311787600166903 -1.2842826 1.0178356 0.0
   0.11174147363565513 -1.2574513 1.0106462 0.0
   0.13036508862219406 -1.23062 1.0034567 0.0
   0.1489886810504583 -1.2037887 0.99626733 0.0
   0.1676122173945418 -1.1769575 0.98907791 0.0
   0.1852698143148438 -1.1512654 0.98328549 0.0
   0.20303791312478706 -1.125035 0.9795025 0.0
   0.22101340767358127 -1.0982882 0.97764634 0.0
   0.23926763960921363 -1.0710614 0.97758185 0.0
   0.25783949045079646 -1.0434038 0.97912501 0.0
   0.2767322752359165 -1.0153765 0.98204794 0.0
   0.29591525942446656 -0.98705061 0.98608512 0.0
   0.3153282150823389 -0.95850547 0.99094064 0.0
   0.3348885096097921 -0.92982633 0.99629627 0.0
   0.3544995047525162 -0.9011021 1.0018201 0.0
   0.3740597955877564 -0.87242296 1.0071757 0.0
   0.3934727602399633 -0.84387782 1.0120313 0.0
   0.41265572358571445 -0.81555195 1.0160684 0.0
   0.4315485199072312 -0.78752464 1.0189914 0.0
   0.45012036850787474 -0.75986704 1.0205345 0.0
   0.4683746204140972 -0.73264021 1.0204701 0.0
   0.4863500833775299 -0.70589346 1.0186139 0.0
   0.504118222959501 -0.679663 1.0148309 0.0
   0.5217757776887355 -0.65397096 1.0090385 0.0
   0.6338851174743761 -0.50658958 0.93004679 0.0
   0.6656256652716053 -0.46466617 0.90805329 0.0
   0.6866726475875337 -0.43665908 0.89387289 0.0
   0.7053744388716853 -0.41163337 0.88155165 0.0
   0.7227993264847739 -0.38818942 0.87033314 0.0
   0.7394845422126445 -0.36562192 0.85984256 0.0
   0.755745481768578 -0.34351532 0.84986532 0.0
   0.771787684082008 -0.32159738 0.8402668 0.0
   0.7877559458276993 -0.29967498 0.8309571 0.0
   0.8037587719614462 -0.27760217 0.82187351 0.0
   0.819881757254622 -0.25526267 0.81297098 0.0
   0.8361954376728696 -0.23255963 0.80421649 0.0
   0.852760166606868 -0.20940925 0.79558563 0.0
   0.8696292632864557 -0.18573668 0.78706037 0.0
   0.88685119575574 -0.16147315 0.77862761 0.0
   0.9044710625801751 -0.13655405 0.77027815 0.0
   0.922531685870981 -0.1109175 0.76200599 0.0
   0.94107446115342 -0.084503215 0.75380788 0.0
   0.960139936587047 -0.057251778 0.74568291 0.0
   0.9797683462796856 -0.029103916 0.73763231 0.0
   1.0 0.0 0.72965925 0.0
